NUM_OF_NEURONS: 7

Input_dimension: 2
Output_dimension: 1
Input_min:
0.0970000000
20.0000000000

Input_range:
1.2080000000
2902.6830000000

Output_min:
20.3230000000

Onput_range:
2907.8210000000

IW:
-0.0008720475 1.3362221670
0.0016986211 1.5080163015
-0.0452724803 3.9726150352
0.3484234467 -0.2783873994
0.0006599087 0.2226325994
7.1344694460 -0.6932413609
-10.1570534235 5.9009051544

b1:
-1.8491666681
0.3784046579
2.4072405412
0.7963694456
0.0948713807
-0.6110128548
-5.1559550294

LW:
0.0780384079 -0.0128072738 -0.0007322872 0.0056347724 4.5521070157 -0.0000060019 0.0000711077 

b2:
-0.3554024883
