NUM_OF_NEURONS: 7

Input_dimension: 2
Output_dimension: 1
Input_min:
1.0230000000
20.0000000000

Input_range:
2.9130000000
9732.9980000000

Output_min:
28.7830000000

Onput_range:
9745.8870000000

IW:
-0.2536401757 -2.3528256673
2.8642354667 -1.8773802124
-0.0004167773 -0.2241275265
-2.0314064055 2.7608935896
-4.1186024342 -1.6803951769
0.0019801872 0.5106413809
-3.3656557960 0.6961302834

b1:
1.6865629778
6.6997710236
-0.3653665977
0.0738963249
-1.5100892714
-0.9728529192
-1.9962305599

LW:
0.0011942821 0.5110617034 -4.1977958217 -0.0000384035 -0.0000487777 0.7729567524 -0.0001487529 

b2:
-1.4019538578
