NUM_OF_NEURONS: 7

Input_dimension: 2
Output_dimension: 1
Input_min:
2.1080000000
0.0000000000

Input_range:
1.8280000000
5975.7460000000

Output_min:
0.0340000000

Onput_range:
5989.7880000000

IW:
-0.0153650211 -2.9066333508
-0.0019451070 1.2211495127
3.5813489930 -2.6977971379
-0.0007762020 -0.3359600664
1.9362785705 2.9260418768
3.1576235037 -1.5594742246
0.0014066721 0.4995942100

b1:
-2.7938373284
-1.9428969038
-1.3317260081
0.2654293264
1.3661720720
1.4670679696
1.1330456238

LW:
0.0005554874 0.0928405047 0.0000708277 -2.5300928300 0.0000122417 0.0001762533 1.1507580800 

b2:
-0.1885802248
