NUM_OF_NEURONS: 7

Input_dimension: 2
Output_dimension: 1
Input_min:
2.1080000000
0.0000000000

Input_range:
1.8280000000
6388.6440000000

Output_min:
1.5130000000

Onput_range:
6402.1290000000

IW:
-0.1915336494 13.8949141889
-0.0001941455 -0.0893630346
4.5610788387 1.7181229833
-2.7198599669 1.7660195145
-2.8181050412 -1.3385300487
77.4048524403 -103.4897332793
-0.0021388122 -0.4186231293

b1:
-11.3360340840
0.1570860691
-1.6785685512
-0.4459250587
-1.6453303460
-664.7513666762
-1.1929097202

LW:
0.0000372144 -11.0035113774 -0.0000117629 -0.0001323553 0.0000013670 669.1743451590 -0.2956306736 

b2:
670.6430280959
